FANN_FIX_2.0
decimal_point=12
num_layers=3
learning_rate=0.700000
connection_rate=1.000000
network_type=0
learning_momentum=0.000000
training_algorithm=2
train_error_function=1
train_stop_function=1
cascade_output_change_fraction=0.010000
quickprop_decay=-0.000100
quickprop_mu=1.750000
rprop_increase_factor=1.200000
rprop_decrease_factor=0.500000
rprop_delta_min=0.000000
rprop_delta_max=50.000000
rprop_delta_zero=0.100000
cascade_output_stagnation_epochs=12
cascade_candidate_change_fraction=0.010000
cascade_candidate_stagnation_epochs=12
cascade_max_out_epochs=150
cascade_min_out_epochs=50
cascade_max_cand_epochs=150
cascade_min_cand_epochs=50
cascade_num_candidate_groups=2
bit_fail_limit=41
cascade_candidate_limit=4096000
cascade_weight_multiplier=1638
cascade_activation_functions_count=10
cascade_activation_functions=3 5 7 8 10 11 14 15 16 17 
cascade_activation_steepnesses_count=4
cascade_activation_steepnesses=1024 2048 3072 4096 
layer_sizes=3 10 2 
neurons (num_inputs, activation_function, activation_steepness)=(0, 0, 0) (0, 0, 0) (0, 0, 0) (3, 3, 409600) (3, 3, 409600) (3, 3, 409600) (3, 3, 409600) (3, 3, 409600) (3, 3, 409600) (3, 3, 409600) (3, 3, 409600) (3, 3, 409600) (0, 3, 409600) (10, 3, 409600) (0, 3, 409600) 
connections (connected_to_neuron, weight)=(0, 13291) (1, -3368) (2, -596) (0, -4627) (1, 4710) (2, -22693) (0, 12297) (1, 5272) (2, 1931) (0, 1777) (1, 8880) (2, -1584) (0, 20215) (1, 22577) (2, 18162) (0, 20959) (1, 1151) (2, -23784) (0, 24797) (1, 4411) (2, 3468) (0, 6810) (1, 18332) (2, -22704) (0, 4743) (1, -1962) (2, -1392) (3, 12037) (4, 4063) (5, -2248) (6, 5737) (7, -4538) (8, 2772) (9, -5467) (10, 7480) (11, 11427) (12, -16776) 
