FANN_FIX_2.0
decimal_point=12
num_layers=3
learning_rate=0.700000
connection_rate=1.000000
network_type=0
learning_momentum=0.000000
training_algorithm=2
train_error_function=1
train_stop_function=1
cascade_output_change_fraction=0.010000
quickprop_decay=-0.000100
quickprop_mu=1.750000
rprop_increase_factor=1.200000
rprop_decrease_factor=0.500000
rprop_delta_min=0.000000
rprop_delta_max=50.000000
rprop_delta_zero=0.100000
cascade_output_stagnation_epochs=12
cascade_candidate_change_fraction=0.010000
cascade_candidate_stagnation_epochs=12
cascade_max_out_epochs=150
cascade_min_out_epochs=50
cascade_max_cand_epochs=150
cascade_min_cand_epochs=50
cascade_num_candidate_groups=2
bit_fail_limit=41
cascade_candidate_limit=4096000
cascade_weight_multiplier=1638
cascade_activation_functions_count=10
cascade_activation_functions=3 5 7 8 10 11 14 15 16 17 
cascade_activation_steepnesses_count=4
cascade_activation_steepnesses=1024 2048 3072 4096 
layer_sizes=3 10 2 
neurons (num_inputs, activation_function, activation_steepness)=(0, 0, 0) (0, 0, 0) (0, 0, 0) (3, 3, 409600) (3, 3, 409600) (3, 3, 409600) (3, 3, 409600) (3, 3, 409600) (3, 3, 409600) (3, 3, 409600) (3, 3, 409600) (3, 3, 409600) (0, 3, 409600) (10, 3, 409600) (0, 3, 409600) 
connections (connected_to_neuron, weight)=(0, 17838) (1, 3772) (2, -18848) (0, 3519) (1, 9932) (2, 3517) (0, 18055) (1, 948) (2, -10901) (0, 2625) (1, 12462) (2, -13832) (0, 9206) (1, 12655) (2, -25181) (0, 134) (1, 9294) (2, -24139) (0, 20146) (1, 5101) (2, -11717) (0, 9020) (1, 3574) (2, -6112) (0, 16779) (1, 2502) (2, -10651) (3, 45018) (4, 2692) (5, 351) (6, 2898) (7, 1836) (8, 4730) (9, 8043) (10, 8258) (11, -344) (12, -20656) 
