FANN_FIX_2.0
decimal_point=11
num_layers=3
learning_rate=0.700000
connection_rate=1.000000
network_type=0
learning_momentum=0.000000
training_algorithm=2
train_error_function=1
train_stop_function=1
cascade_output_change_fraction=0.010000
quickprop_decay=-0.000100
quickprop_mu=1.750000
rprop_increase_factor=1.200000
rprop_decrease_factor=0.500000
rprop_delta_min=0.000000
rprop_delta_max=50.000000
rprop_delta_zero=0.100000
cascade_output_stagnation_epochs=12
cascade_candidate_change_fraction=0.010000
cascade_candidate_stagnation_epochs=12
cascade_max_out_epochs=150
cascade_min_out_epochs=50
cascade_max_cand_epochs=150
cascade_min_cand_epochs=50
cascade_num_candidate_groups=2
bit_fail_limit=20
cascade_candidate_limit=2048000
cascade_weight_multiplier=819
cascade_activation_functions_count=10
cascade_activation_functions=3 5 7 8 10 11 14 15 16 17 
cascade_activation_steepnesses_count=4
cascade_activation_steepnesses=512 1024 1536 2048 
layer_sizes=3 13 2 
neurons (num_inputs, activation_function, activation_steepness)=(0, 0, 0) (0, 0, 0) (0, 0, 0) (3, 3, 1024) (3, 3, 1024) (3, 3, 1024) (3, 3, 1024) (3, 3, 1024) (3, 3, 1024) (3, 3, 1024) (3, 3, 1024) (3, 3, 1024) (3, 3, 1024) (3, 3, 1024) (3, 3, 1024) (0, 3, 1024) (13, 3, 1024) (0, 3, 1024) 
connections (connected_to_neuron, weight)=(0, 15206) (1, 23621) (2, 4704) (0, 18499) (1, 22441) (2, -839) (0, 12093) (1, -1022) (2, -9054) (0, 10411) (1, 20077) (2, 23354) (0, 12053) (1, 8885) (2, 16011) (0, 10950) (1, 1413) (2, -10027) (0, 17100) (1, 4723) (2, 23686) (0, 8284) (1, 7972) (2, 16550) (0, 10028) (1, 4051) (2, -5438) (0, 20437) (1, -365) (2, -23734) (0, 3998) (1, 7161) (2, -20017) (0, 2146) (1, -16640) (2, 12275) (3, 6514) (4, 7639) (5, -5034) (6, 992) (7, -1667) (8, -4913) (9, -4086) (10, -4744) (11, 15484) (12, 80494) (13, 48030) (14, -2379) (15, -12138) 
