FANN_FIX_2.0
decimal_point=11
num_layers=3
learning_rate=0.700000
connection_rate=1.000000
network_type=0
learning_momentum=0.000000
training_algorithm=2
train_error_function=1
train_stop_function=1
cascade_output_change_fraction=0.010000
quickprop_decay=-0.000100
quickprop_mu=1.750000
rprop_increase_factor=1.200000
rprop_decrease_factor=0.500000
rprop_delta_min=0.000000
rprop_delta_max=50.000000
rprop_delta_zero=0.100000
cascade_output_stagnation_epochs=12
cascade_candidate_change_fraction=0.010000
cascade_candidate_stagnation_epochs=12
cascade_max_out_epochs=150
cascade_min_out_epochs=50
cascade_max_cand_epochs=150
cascade_min_cand_epochs=50
cascade_num_candidate_groups=2
bit_fail_limit=20
cascade_candidate_limit=2048000
cascade_weight_multiplier=819
cascade_activation_functions_count=10
cascade_activation_functions=3 5 7 8 10 11 14 15 16 17 
cascade_activation_steepnesses_count=4
cascade_activation_steepnesses=512 1024 1536 2048 
layer_sizes=3 13 2 
neurons (num_inputs, activation_function, activation_steepness)=(0, 0, 0) (0, 0, 0) (0, 0, 0) (3, 3, 1024) (3, 3, 1024) (3, 3, 1024) (3, 3, 1024) (3, 3, 1024) (3, 3, 1024) (3, 3, 1024) (3, 3, 1024) (3, 3, 1024) (3, 3, 1024) (3, 3, 1024) (3, 3, 1024) (0, 3, 1024) (13, 3, 1024) (0, 3, 1024) 
connections (connected_to_neuron, weight)=(0, 9041) (1, 8781) (2, -1101) (0, 17326) (1, -2583) (2, -17565) (0, 3410) (1, 13397) (2, -17202) (0, 14468) (1, 17623) (2, 3371) (0, 7562) (1, -685) (2, -6974) (0, 9096) (1, 12364) (2, -2630) (0, 605) (1, 11484) (2, -7580) (0, 2007) (1, 18502) (2, 16575) (0, 18663) (1, 5575) (2, -18173) (0, 7562) (1, -710) (2, -8587) (0, 4799) (1, 8799) (2, 2346) (0, 13196) (1, 9792) (2, 26813) (3, 5854) (4, 23443) (5, 5041) (6, -1091) (7, 12477) (8, 10538) (9, 10546) (10, -3401) (11, -9417) (12, 10202) (13, 10376) (14, -7639) (15, -21229) 
