FANN_FIX_2.0
decimal_point=8
num_layers=3
learning_rate=0.700000
connection_rate=1.000000
network_type=0
learning_momentum=0.000000
training_algorithm=2
train_error_function=1
train_stop_function=1
cascade_output_change_fraction=0.010000
quickprop_decay=-0.000100
quickprop_mu=1.750000
rprop_increase_factor=1.200000
rprop_decrease_factor=0.500000
rprop_delta_min=0.000000
rprop_delta_max=50.000000
rprop_delta_zero=0.100000
cascade_output_stagnation_epochs=12
cascade_candidate_change_fraction=0.010000
cascade_candidate_stagnation_epochs=12
cascade_max_out_epochs=150
cascade_min_out_epochs=50
cascade_max_cand_epochs=150
cascade_min_cand_epochs=50
cascade_num_candidate_groups=2
bit_fail_limit=3
cascade_candidate_limit=256000
cascade_weight_multiplier=102
cascade_activation_functions_count=10
cascade_activation_functions=3 5 7 8 10 11 14 15 16 17 
cascade_activation_steepnesses_count=4
cascade_activation_steepnesses=64 128 192 256 
layer_sizes=3 10 2 
neurons (num_inputs, activation_function, activation_steepness)=(0, 0, 0) (0, 0, 0) (0, 0, 0) (3, 3, 25600) (3, 3, 25600) (3, 3, 25600) (3, 3, 25600) (3, 3, 25600) (3, 3, 25600) (3, 3, 25600) (3, 3, 25600) (3, 3, 25600) (0, 3, 25600) (10, 3, 25600) (0, 3, 25600) 
connections (connected_to_neuron, weight)=(0, 3327) (1, 1784) (2, 6429) (0, 4126) (1, 31) (2, -3496) (0, -379902) (1, -380457) (2, -378098) (0, 3494) (1, 186) (2, -3100) (0, 7496) (1, 5988) (2, 789) (0, 3926) (1, -446) (2, -2913) (0, 1344) (1, 2348) (2, 7927) (0, 4867) (1, 4801) (2, -8078) (0, 4184) (1, -162) (2, -3378) (3, -175) (4, 6868) (5, -224) (6, 5610) (7, 565) (8, 5806) (9, -332) (10, 1) (11, 6390) (12, -1214) 
