FANN_FIX_2.0
decimal_point=11
num_layers=3
learning_rate=0.700000
connection_rate=1.000000
network_type=0
learning_momentum=0.000000
training_algorithm=2
train_error_function=1
train_stop_function=1
cascade_output_change_fraction=0.010000
quickprop_decay=-0.000100
quickprop_mu=1.750000
rprop_increase_factor=1.200000
rprop_decrease_factor=0.500000
rprop_delta_min=0.000000
rprop_delta_max=50.000000
rprop_delta_zero=0.100000
cascade_output_stagnation_epochs=12
cascade_candidate_change_fraction=0.010000
cascade_candidate_stagnation_epochs=12
cascade_max_out_epochs=150
cascade_min_out_epochs=50
cascade_max_cand_epochs=150
cascade_min_cand_epochs=50
cascade_num_candidate_groups=2
bit_fail_limit=20
cascade_candidate_limit=2048000
cascade_weight_multiplier=819
cascade_activation_functions_count=10
cascade_activation_functions=3 5 7 8 10 11 14 15 16 17 
cascade_activation_steepnesses_count=4
cascade_activation_steepnesses=512 1024 1536 2048 
layer_sizes=3 10 2 
neurons (num_inputs, activation_function, activation_steepness)=(0, 0, 0) (0, 0, 0) (0, 0, 0) (3, 3, 204800) (3, 3, 204800) (3, 3, 204800) (3, 3, 204800) (3, 3, 204800) (3, 3, 204800) (3, 3, 204800) (3, 3, 204800) (3, 3, 204800) (0, 3, 204800) (10, 3, 204800) (0, 3, 204800) 
connections (connected_to_neuron, weight)=(0, 16162) (1, 12199) (2, -23998) (0, 28300) (1, 45653) (2, 52324) (0, 30440) (1, 41445) (2, 53485) (0, 34446) (1, 22921) (2, 5026) (0, 12453) (1, 5151) (2, -14755) (0, 19919) (1, 6316) (2, -21902) (0, 33599) (1, 49206) (2, 62660) (0, 31980) (1, 22766) (2, -6420) (0, 19492) (1, 6667) (2, -21861) (3, 30586) (4, -3053) (5, -2582) (6, 8456) (7, 30871) (8, 29339) (9, -4303) (10, 1807) (11, 36708) (12, -6346) 
