FANN_FIX_2.0
decimal_point=11
num_layers=3
learning_rate=0.700000
connection_rate=1.000000
network_type=0
learning_momentum=0.000000
training_algorithm=2
train_error_function=1
train_stop_function=1
cascade_output_change_fraction=0.010000
quickprop_decay=-0.000100
quickprop_mu=1.750000
rprop_increase_factor=1.200000
rprop_decrease_factor=0.500000
rprop_delta_min=0.000000
rprop_delta_max=50.000000
rprop_delta_zero=0.100000
cascade_output_stagnation_epochs=12
cascade_candidate_change_fraction=0.010000
cascade_candidate_stagnation_epochs=12
cascade_max_out_epochs=150
cascade_min_out_epochs=50
cascade_max_cand_epochs=150
cascade_min_cand_epochs=50
cascade_num_candidate_groups=2
bit_fail_limit=20
cascade_candidate_limit=2048000
cascade_weight_multiplier=819
cascade_activation_functions_count=10
cascade_activation_functions=3 5 7 8 10 11 14 15 16 17 
cascade_activation_steepnesses_count=4
cascade_activation_steepnesses=512 1024 1536 2048 
layer_sizes=3 10 2 
neurons (num_inputs, activation_function, activation_steepness)=(0, 0, 0) (0, 0, 0) (0, 0, 0) (3, 3, 204800) (3, 3, 204800) (3, 3, 204800) (3, 3, 204800) (3, 3, 204800) (3, 3, 204800) (3, 3, 204800) (3, 3, 204800) (3, 3, 204800) (0, 3, 204800) (10, 3, 204800) (0, 3, 204800) 
connections (connected_to_neuron, weight)=(0, 15404) (1, 12715) (2, 2019) (0, 58846) (1, 68239) (2, 45823) (0, 8483) (1, 7144) (2, -13071) (0, 3839) (1, 8763) (2, 2861) (0, 14368) (1, 8759) (2, -14904) (0, 13521) (1, 3449) (2, -18380) (0, 57929) (1, 69474) (2, 46632) (0, 12008) (1, 12150) (2, 9471) (0, 5271) (1, 3542) (2, 64) (3, 8014) (4, -2269) (5, 31050) (6, 2129) (7, 8) (8, 2118) (9, -2809) (10, 4460) (11, 1698) (12, -12259) 
