FANN_FIX_2.0
decimal_point=11
num_layers=3
learning_rate=0.700000
connection_rate=1.000000
network_type=0
learning_momentum=0.000000
training_algorithm=2
train_error_function=1
train_stop_function=1
cascade_output_change_fraction=0.010000
quickprop_decay=-0.000100
quickprop_mu=1.750000
rprop_increase_factor=1.200000
rprop_decrease_factor=0.500000
rprop_delta_min=0.000000
rprop_delta_max=50.000000
rprop_delta_zero=0.100000
cascade_output_stagnation_epochs=12
cascade_candidate_change_fraction=0.010000
cascade_candidate_stagnation_epochs=12
cascade_max_out_epochs=150
cascade_min_out_epochs=50
cascade_max_cand_epochs=150
cascade_min_cand_epochs=50
cascade_num_candidate_groups=2
bit_fail_limit=20
cascade_candidate_limit=2048000
cascade_weight_multiplier=819
cascade_activation_functions_count=10
cascade_activation_functions=3 5 7 8 10 11 14 15 16 17 
cascade_activation_steepnesses_count=4
cascade_activation_steepnesses=512 1024 1536 2048 
layer_sizes=3 10 2 
neurons (num_inputs, activation_function, activation_steepness)=(0, 0, 0) (0, 0, 0) (0, 0, 0) (3, 3, 204800) (3, 3, 204800) (3, 3, 204800) (3, 3, 204800) (3, 3, 204800) (3, 3, 204800) (3, 3, 204800) (3, 3, 204800) (3, 3, 204800) (0, 3, 204800) (10, 3, 204800) (0, 3, 204800) 
connections (connected_to_neuron, weight)=(0, 17597) (1, 20919) (2, -7505) (0, 21197) (1, 20505) (2, -9477) (0, 49118) (1, 57584) (2, 59483) (0, 47267) (1, 54670) (2, 46588) (0, 16966) (1, 5300) (2, 8361) (0, 44512) (1, 50822) (2, 50885) (0, 10383) (1, 7956) (2, -16013) (0, 13136) (1, 16609) (2, 7494) (0, 43232) (1, 60211) (2, 46776) (3, 923) (4, 7913) (5, -5024) (6, -7158) (7, 2751) (8, -5071) (9, 49511) (10, 1271) (11, -5536) (12, 7129) 
