FANN_FIX_2.0
decimal_point=8
num_layers=3
learning_rate=0.700000
connection_rate=1.000000
network_type=0
learning_momentum=0.000000
training_algorithm=2
train_error_function=1
train_stop_function=1
cascade_output_change_fraction=0.010000
quickprop_decay=-0.000100
quickprop_mu=1.750000
rprop_increase_factor=1.200000
rprop_decrease_factor=0.500000
rprop_delta_min=0.000000
rprop_delta_max=50.000000
rprop_delta_zero=0.100000
cascade_output_stagnation_epochs=12
cascade_candidate_change_fraction=0.010000
cascade_candidate_stagnation_epochs=12
cascade_max_out_epochs=150
cascade_min_out_epochs=50
cascade_max_cand_epochs=150
cascade_min_cand_epochs=50
cascade_num_candidate_groups=2
bit_fail_limit=3
cascade_candidate_limit=256000
cascade_weight_multiplier=102
cascade_activation_functions_count=10
cascade_activation_functions=3 5 7 8 10 11 14 15 16 17 
cascade_activation_steepnesses_count=4
cascade_activation_steepnesses=64 128 192 256 
layer_sizes=3 9 2 
neurons (num_inputs, activation_function, activation_steepness)=(0, 0, 0) (0, 0, 0) (0, 0, 0) (3, 3, 25600) (3, 3, 25600) (3, 3, 25600) (3, 3, 25600) (3, 3, 25600) (3, 3, 25600) (3, 3, 25600) (3, 3, 25600) (0, 3, 25600) (9, 3, 25600) (0, 3, 25600) 
connections (connected_to_neuron, weight)=(0, 10780) (1, 2396) (2, 129) (0, -381938) (1, -380418) (2, -378944) (0, 773) (1, 5311) (2, 6206) (0, -1933) (1, 5470) (2, 8082) (0, 11072) (1, 2586) (2, 717) (0, 6776) (1, 2464) (2, -487) (0, -7839) (1, 1903) (2, 4575) (0, 320) (1, 5067) (2, 6718) (3, 168) (4, -1) (5, -120) (6, -540) (7, 788) (8, 114) (9, -2) (10, -395) (11, -12) 
