FANN_FIX_2.0
decimal_point=9
num_layers=3
learning_rate=0.700000
connection_rate=1.000000
network_type=0
learning_momentum=0.000000
training_algorithm=2
train_error_function=1
train_stop_function=1
cascade_output_change_fraction=0.010000
quickprop_decay=-0.000100
quickprop_mu=1.750000
rprop_increase_factor=1.200000
rprop_decrease_factor=0.500000
rprop_delta_min=0.000000
rprop_delta_max=50.000000
rprop_delta_zero=0.100000
cascade_output_stagnation_epochs=12
cascade_candidate_change_fraction=0.010000
cascade_candidate_stagnation_epochs=12
cascade_max_out_epochs=150
cascade_min_out_epochs=50
cascade_max_cand_epochs=150
cascade_min_cand_epochs=50
cascade_num_candidate_groups=2
bit_fail_limit=5
cascade_candidate_limit=512000
cascade_weight_multiplier=205
cascade_activation_functions_count=10
cascade_activation_functions=3 5 7 8 10 11 14 15 16 17 
cascade_activation_steepnesses_count=4
cascade_activation_steepnesses=128 256 384 512 
layer_sizes=3 13 2 
neurons (num_inputs, activation_function, activation_steepness)=(0, 0, 0) (0, 0, 0) (0, 0, 0) (3, 3, 256) (3, 3, 256) (3, 3, 256) (3, 3, 256) (3, 3, 256) (3, 3, 256) (3, 3, 256) (3, 3, 256) (3, 3, 256) (3, 3, 256) (3, 3, 256) (3, 3, 256) (0, 3, 256) (13, 3, 256) (0, 3, 256) 
connections (connected_to_neuron, weight)=(0, -483) (1, -1961) (2, 1779) (0, 1529) (1, -738) (2, -3928) (0, 1140) (1, -72) (2, -3783) (0, 1460) (1, 4320) (2, 6401) (0, -1336) (1, -1065) (2, 705) (0, 2716) (1, 889) (2, -933) (0, 5023) (1, 5137) (2, 7102) (0, 2493) (1, 230) (2, -6348) (0, -17008) (1, 1791) (2, 937) (0, -2053) (1, 1231) (2, -777) (0, -1720) (1, 1586) (2, -149) (0, 2861) (1, 799) (2, -5069) (3, 3298) (4, 2854) (5, 142) (6, -1778) (7, -4854) (8, 2824) (9, -2247) (10, 305825) (11, 768000) (12, -305) (13, 4501) (14, 48896) (15, -1455) 
