FANN_FIX_2.0
decimal_point=12
num_layers=3
learning_rate=0.700000
connection_rate=1.000000
network_type=0
learning_momentum=0.000000
training_algorithm=2
train_error_function=1
train_stop_function=1
cascade_output_change_fraction=0.010000
quickprop_decay=-0.000100
quickprop_mu=1.750000
rprop_increase_factor=1.200000
rprop_decrease_factor=0.500000
rprop_delta_min=0.000000
rprop_delta_max=50.000000
rprop_delta_zero=0.100000
cascade_output_stagnation_epochs=12
cascade_candidate_change_fraction=0.010000
cascade_candidate_stagnation_epochs=12
cascade_max_out_epochs=150
cascade_min_out_epochs=50
cascade_max_cand_epochs=150
cascade_min_cand_epochs=50
cascade_num_candidate_groups=2
bit_fail_limit=41
cascade_candidate_limit=4096000
cascade_weight_multiplier=1638
cascade_activation_functions_count=10
cascade_activation_functions=3 5 7 8 10 11 14 15 16 17 
cascade_activation_steepnesses_count=4
cascade_activation_steepnesses=1024 2048 3072 4096 
layer_sizes=3 13 2 
neurons (num_inputs, activation_function, activation_steepness)=(0, 0, 0) (0, 0, 0) (0, 0, 0) (3, 3, 2048) (3, 3, 2048) (3, 3, 2048) (3, 3, 2048) (3, 3, 2048) (3, 3, 2048) (3, 3, 2048) (3, 3, 2048) (3, 3, 2048) (3, 3, 2048) (3, 3, 2048) (3, 3, 2048) (0, 3, 2048) (13, 3, 2048) (0, 3, 2048) 
connections (connected_to_neuron, weight)=(0, 16076) (1, 15881) (2, -6390) (0, 24523) (1, -2157) (2, -13246) (0, 45197) (1, 18952) (2, 30631) (0, 31956) (1, 10188) (2, 50927) (0, 21082) (1, 14300) (2, -15451) (0, 10192) (1, -2065) (2, -15587) (0, 33691) (1, 2576) (2, -40013) (0, 3008) (1, 7874) (2, 23073) (0, 38607) (1, 48679) (2, 49637) (0, -10630) (1, 6796) (2, 542) (0, 14021) (1, -4216) (2, 11329) (0, 29498) (1, 19172) (2, 50391) (3, 31899) (4, -7158) (5, -12979) (6, -8112) (7, 19135) (8, 16510) (9, 55424) (10, -6826) (11, -17076) (12, 17733) (13, 1408) (14, -10036) (15, 3893) 
