FANN_FIX_2.0
decimal_point=11
num_layers=3
learning_rate=0.700000
connection_rate=1.000000
network_type=0
learning_momentum=0.000000
training_algorithm=2
train_error_function=1
train_stop_function=1
cascade_output_change_fraction=0.010000
quickprop_decay=-0.000100
quickprop_mu=1.750000
rprop_increase_factor=1.200000
rprop_decrease_factor=0.500000
rprop_delta_min=0.000000
rprop_delta_max=50.000000
rprop_delta_zero=0.100000
cascade_output_stagnation_epochs=12
cascade_candidate_change_fraction=0.010000
cascade_candidate_stagnation_epochs=12
cascade_max_out_epochs=150
cascade_min_out_epochs=50
cascade_max_cand_epochs=150
cascade_min_cand_epochs=50
cascade_num_candidate_groups=2
bit_fail_limit=20
cascade_candidate_limit=2048000
cascade_weight_multiplier=819
cascade_activation_functions_count=10
cascade_activation_functions=3 5 7 8 10 11 14 15 16 17 
cascade_activation_steepnesses_count=4
cascade_activation_steepnesses=512 1024 1536 2048 
layer_sizes=3 10 2 
neurons (num_inputs, activation_function, activation_steepness)=(0, 0, 0) (0, 0, 0) (0, 0, 0) (3, 3, 204800) (3, 3, 204800) (3, 3, 204800) (3, 3, 204800) (3, 3, 204800) (3, 3, 204800) (3, 3, 204800) (3, 3, 204800) (3, 3, 204800) (0, 3, 204800) (10, 3, 204800) (0, 3, 204800) 
connections (connected_to_neuron, weight)=(0, 45562) (1, 40196) (2, 69755) (0, 50171) (1, 50832) (2, 69336) (0, 12544) (1, 19238) (2, -27741) (0, 16616) (1, 17935) (2, -29948) (0, 25492) (1, 21191) (2, 1984) (0, 18585) (1, 21694) (2, 5611) (0, 27311) (1, 23058) (2, -6267) (0, 20530) (1, 8869) (2, -25038) (0, 15429) (1, 9072) (2, -20987) (3, -4657) (4, -6999) (5, 6950) (6, 12724) (7, 5540) (8, 6999) (9, 3508) (10, 12362) (11, 2491) (12, -5809) 
