FANN_FIX_2.0
decimal_point=11
num_layers=3
learning_rate=0.700000
connection_rate=1.000000
network_type=0
learning_momentum=0.000000
training_algorithm=2
train_error_function=1
train_stop_function=1
cascade_output_change_fraction=0.010000
quickprop_decay=-0.000100
quickprop_mu=1.750000
rprop_increase_factor=1.200000
rprop_decrease_factor=0.500000
rprop_delta_min=0.000000
rprop_delta_max=50.000000
rprop_delta_zero=0.100000
cascade_output_stagnation_epochs=12
cascade_candidate_change_fraction=0.010000
cascade_candidate_stagnation_epochs=12
cascade_max_out_epochs=150
cascade_min_out_epochs=50
cascade_max_cand_epochs=150
cascade_min_cand_epochs=50
cascade_num_candidate_groups=2
bit_fail_limit=20
cascade_candidate_limit=2048000
cascade_weight_multiplier=819
cascade_activation_functions_count=10
cascade_activation_functions=3 5 7 8 10 11 14 15 16 17 
cascade_activation_steepnesses_count=4
cascade_activation_steepnesses=512 1024 1536 2048 
layer_sizes=3 10 2 
neurons (num_inputs, activation_function, activation_steepness)=(0, 0, 0) (0, 0, 0) (0, 0, 0) (3, 3, 204800) (3, 3, 204800) (3, 3, 204800) (3, 3, 204800) (3, 3, 204800) (3, 3, 204800) (3, 3, 204800) (3, 3, 204800) (3, 3, 204800) (0, 3, 204800) (10, 3, 204800) (0, 3, 204800) 
connections (connected_to_neuron, weight)=(0, 17447) (1, 15819) (2, -27949) (0, 15902) (1, 14518) (2, -25561) (0, 22013) (1, 28712) (2, 3874) (0, 29066) (1, 36478) (2, 64096) (0, 35668) (1, 38058) (2, 62907) (0, 12384) (1, 13663) (2, -4332) (0, 36493) (1, 29272) (2, 61439) (0, 30158) (1, 30008) (2, -3349) (0, 10224) (1, 23142) (2, 13861) (3, 21716) (4, 28632) (5, 5019) (6, -1235) (7, -651) (8, 385) (9, -1140) (10, 4640) (11, -1961) (12, -7195) 
